1 -> 2
1 -> 3
1 -> 4 
1 -> 5
1 -> 6
1 -> 7
1 -> 8
1 -> 9
1 -> 10
1 -> 11
1 -> 12
1 -> 13
1 -> 14
1 -> 15
1 -> 16
1 -> 17
2 -> 15
2 3 -> 5
2 3 -> 12
2 3 13 -> 1
2 3 13 -> 4
2 3 13 -> 6
2 3 13 -> 7
2 3 13 -> 8
2 3 13 -> 9
2 3 13 -> 10
2 3 13 -> 11
2 3 13 -> 14
2 3 13 -> 16
2 3 13 -> 17
2 3 16 -> 1
2 3 16 -> 4
2 3 16 -> 6
2 3 16 -> 7
2 3 16 -> 8
2 3 16 -> 9
2 3 16 -> 10
2 3 16 -> 11
2 3 16 -> 13
2 3 16 -> 14
2 3 16 -> 17
2 3 17 -> 1
2 3 17 -> 4
2 3 17 -> 6
2 3 17 -> 7
2 3 17 -> 8
2 3 17 -> 9
2 3 17 -> 10
2 3 17 -> 11
2 3 17 -> 13
2 3 17 -> 14
2 3 17 -> 16
2 4 5 -> 17
2 4 12 -> 1
2 4 12 -> 3
2 4 12 -> 5
2 4 12 -> 6
2 4 12 -> 7
2 4 12 -> 8
2 4 12 -> 9
2 4 12 -> 10
2 4 12 -> 11
2 4 12 -> 13
2 4 12 -> 14
2 4 12 -> 17
2 4 13 -> 1
2 4 13 -> 3
2 4 13 -> 5
2 4 13 -> 6
2 4 13 -> 7
2 4 13 -> 8
2 4 13 -> 9
2 4 13 -> 10
2 4 13 -> 11
2 4 13 -> 12
2 4 13 -> 14
2 4 13 -> 16
2 4 13 -> 17
2 4 16 -> 1
2 4 16 -> 3
2 4 16 -> 5
2 4 16 -> 6
2 4 16 -> 7
2 4 16 -> 8
2 4 16 -> 9
2 4 16 -> 10
2 4 16 -> 11
2 4 16 -> 12
2 4 16 -> 13
2 4 16 -> 14
2 4 16 -> 17
2 5 12 13 -> 1
2 5 12 13 -> 3
2 5 12 13 -> 4
2 5 12 13 -> 6
2 5 12 13 -> 7
2 5 12 13 -> 8
2 5 12 13 -> 9
2 5 12 13 -> 10
2 5 12 13 -> 11
2 5 12 13 -> 14
2 5 12 13 -> 16
2 5 12 13 -> 17
2 5 12 17 -> 1
2 5 12 17 -> 3
2 5 12 17 -> 4
2 5 12 17 -> 6
2 5 12 17 -> 7
2 5 12 17 -> 8
2 5 12 17 -> 9
2 5 12 17 -> 10
2 5 12 17 -> 11
2 5 12 17 -> 13
2 5 12 17 -> 14
2 5 12 17 -> 16
2 11 -> 1
2 11 -> 3
2 11 -> 4
2 11 -> 5
2 11 -> 6
2 11 -> 7
2 11 -> 8
2 11 -> 9
2 11 -> 10
2 11 -> 12
2 11 -> 13
2 11 -> 14
2 11 -> 16
2 11 -> 17
2 12 13 16 -> 1
2 12 13 16 -> 3
2 12 13 16 -> 4
2 12 13 16 -> 5
2 12 13 16 -> 6
2 12 13 16 -> 7
2 12 13 16 -> 8
2 12 13 16 -> 9
2 12 13 16 -> 10
2 12 13 16 -> 11
2 12 13 16 -> 14
2 12 13 16 -> 17
3 -> 15
3 4 -> 1
3 4 -> 2
3 4 -> 5
3 4 -> 6
3 4 -> 7
3 4 -> 8
3 4 -> 9
3 4 -> 10
3 4 -> 11
3 4 -> 12
3 4 -> 13
3 4 -> 14
3 4 -> 16
3 4 -> 17
3 5 13 -> 17
3 11 13 -> 1
3 11 13 -> 2
3 11 13 -> 4
3 11 13 -> 5
3 11 13 -> 6
3 11 13 -> 7
3 11 13 -> 8
3 11 13 -> 9
3 11 13 -> 10
3 11 13 -> 12
3 11 13 -> 14
3 11 13 -> 16
3 11 13 -> 17
3 12 -> 2
3 12 -> 5
3 12 13 -> 1
3 12 13 -> 4
3 12 13 -> 6
3 12 13 -> 7
3 12 13 -> 8
3 12 13 -> 9
3 12 13 -> 10
3 12 13 -> 11
3 12 13 -> 14
3 12 13 -> 16
3 12 13 -> 17
3 12 16 -> 1
3 12 16 -> 4
3 12 16 -> 6
3 12 16 -> 7
3 12 16 -> 8
3 12 16 -> 9
3 12 16 -> 10
3 12 16 -> 11
3 12 16 -> 13
3 12 16 -> 14
3 12 16 -> 17
3 12 17 -> 1
3 12 17 -> 4
3 12 17 -> 6
3 12 17 -> 7
3 12 17 -> 8
3 12 17 -> 9
3 12 17 -> 10
3 12 17 -> 11
3 12 17 -> 13
3 12 17 -> 14
3 12 17 -> 16
3 13 16 -> 1
3 13 16 -> 2
3 13 16 -> 4
3 13 16 -> 5
3 13 16 -> 6
3 13 16 -> 7
3 13 16 -> 8
3 13 16 -> 9
3 13 16 -> 10
3 13 16 -> 11
3 13 16 -> 12
3 13 16 -> 14
3 13 16 -> 17
4 -> 15
4 5 12 -> 1
4 5 12 -> 2
4 5 12 -> 3
4 5 12 -> 6
4 5 12 -> 7
4 5 12 -> 8
4 5 12 -> 9
4 5 12 -> 10
4 5 12 -> 11
4 5 12 -> 13
4 5 12 -> 14
4 5 12 -> 17
4 5 13 -> 1
4 5 13 -> 2
4 5 13 -> 3
4 5 13 -> 6
4 5 13 -> 7
4 5 13 -> 8
4 5 13 -> 9
4 5 13 -> 10
4 5 13 -> 11
4 5 13 -> 12
4 5 13 -> 14
4 5 13 -> 16
4 5 13 -> 17
4 5 16 -> 17
4 11 -> 1
4 11 -> 2
4 11 -> 3
4 11 -> 5
4 11 -> 6
4 11 -> 7
4 11 -> 8
4 11 -> 9
4 11 -> 10
4 11 -> 12
4 11 -> 13
4 11 -> 14
4 11 -> 16
4 11 -> 17
4 12 -> 16
4 12 13 -> 1
4 12 13 -> 2
4 12 13 -> 3
4 12 13 -> 5
4 12 13 -> 6
4 12 13 -> 7
4 12 13 -> 8
4 12 13 -> 9
4 12 13 -> 10
4 12 13 -> 11
4 12 13 -> 14
4 12 13 -> 17
4 12 17 -> 1
4 12 17 -> 2
4 12 17 -> 3
4 12 17 -> 5
4 12 17 -> 6
4 12 17 -> 7
4 12 17 -> 8
4 12 17 -> 9
4 12 17 -> 10
4 12 17 -> 11
4 12 17 -> 13
4 12 17 -> 14
4 13 16 -> 17
4 13 17 -> 16
5 -> 15
5 11 -> 1
5 11 -> 2
5 11 -> 3
5 11 -> 4
5 11 -> 6
5 11 -> 7
5 11 -> 8
5 11 -> 9
5 11 -> 10
5 11 -> 12
5 11 -> 13
5 11 -> 14
5 11 -> 16
5 11 -> 17
6 -> 1
6 -> 2
6 -> 3
6 -> 4
6 -> 5
6 -> 7
6 -> 8
6 -> 9
6 -> 10
6 -> 11
6 -> 12
6 -> 13
6 -> 14
6 -> 15
6 -> 16
6 -> 17
7 -> 1
7 -> 2
7 -> 3
7 -> 4
7 -> 5
7 -> 6
7 -> 8
7 -> 9
7 -> 10
7 -> 11
7 -> 12
7 -> 13
7 -> 14
7 -> 15
7 -> 16
7 -> 17
8 -> 1
8 -> 2
8 -> 3
8 -> 4
8 -> 5
8 -> 6
8 -> 7
8 -> 9
8 -> 10
8 -> 11
8 -> 12
8 -> 13
8 -> 14
8 -> 15
8 -> 16
8 -> 17
9 -> 1
9 -> 2
9 -> 3
9 -> 4
9 -> 5
9 -> 6
9 -> 7
9 -> 8
9 -> 10
9 -> 11
9 -> 12
9 -> 13
9 -> 14
9 -> 15
9 -> 16
9 -> 17
10 -> 1
10 -> 2
10 -> 3
10 -> 4
10 -> 5
10 -> 6
10 -> 7
10 -> 8
10 -> 9
10 -> 11
10 -> 12
10 -> 13
10 -> 14
10 -> 15
10 -> 16
10 -> 17
11 -> 15
11 12 -> 1
11 12 -> 2
11 12 -> 3
11 12 -> 4
11 12 -> 5
11 12 -> 6
11 12 -> 7
11 12 -> 8
11 12 -> 9
11 12 -> 10
11 12 -> 13
11 12 -> 14
11 12 -> 16
11 12 -> 17
11 16 -> 1
11 16 -> 2
11 16 -> 3
11 16 -> 4
11 16 -> 5
11 16 -> 6
11 16 -> 7
11 16 -> 8
11 16 -> 9
11 16 -> 10
11 16 -> 12
11 16 -> 13
11 16 -> 14
11 16 -> 17
11 17 -> 1
11 17 -> 2
11 17 -> 3
11 17 -> 4
11 17 -> 5
11 17 -> 6
11 17 -> 7
11 17 -> 8
11 17 -> 9
11 17 -> 10
11 17 -> 12
11 17 -> 13
11 17 -> 14
11 17 -> 16
12 -> 15
13 -> 15
14 -> 1
14 -> 2
14 -> 3
14 -> 4
14 -> 5
14 -> 6
14 -> 7
14 -> 8
14 -> 9
14 -> 10
14 -> 11
14 -> 12
14 -> 13
14 -> 15
14 -> 16
14 -> 17
16 -> 15
17 -> 15
